 1  F  B  F 
 1  2  3  4  B  6  7 
 1  2  3  4  F  6  7  B  9  F  11  12  13  14  F  B  17  18  19  F  21  22  23  B  F  26  27  28  29  F 
 1  2  3  4  5  B  7  8  9  10  11  B  13  14 
 B  B 
 1 
 1  2  F  4  5  F  7  8  F  10  11  F  13  14  F 
 1  2  3  4  5  6 
 1  2  B 
 1  2  3  4  5  6  B  8  F  10 
 1  2  3  4 
 1  F  3  F  B  F  7  F  9  FB  11  F  13  F  B  F  17  F 
 1  2  3 
 1  2  F  B  5 
 1  2  B  F  5 
 1  2  B  4 
 1  2  F  4 
 1  2  3 
 1  2  3  4  5  6  7  8  9  10  11  12  13  14  F  16  17  B  19  20  21 
 1  B  3  B  5 
